# maze Generation  

# Define matrices to build the different maze

maze_easy <- c(0,0,0,0,0,0,0,0,0,0,0,0,
                0,0,0,9,0,0,0,0,0,0,0,
                0,1,1,1,1,1,1,1,1,1,1,0,
                0,1,1,1,0,1,1,0,1,1,1,0,
                0,1,1,1,1,1,1,1,1,1,1,0,
                0,0,0,0,0,0,0,0,0,0,0,0)
maze1 = matrix(maze_easy,nrow=6,ncol=12,byrow=T)

maze_medium <-c(0,0,0,0,0,0,0,0,0,0,0,0,0,
           0,1,1,1,1,0,0,1,1,1,1,0,0,
           0,0,1,0,0,1,1,1,0,0,1,0,0,
           0,1,1,1,0,1,0,1,1,0,1,0,0,
           0,0,0,1,0,1,0,1,1,1,1,1,0,
           0,0,1,1,1,1,0,1,1,0,0,1,0,
           0,1,1,0,9,0,0,1,0,0,0,1,0,
           0,0,1,1,1,1,1,1,1,1,1,1,0,
           0,0,0,0,0,0,0,0,0,0,0,0,0)
maze2 = matrix(maze_medium,nrow=9,ncol=13,byrow=TRUE)

maze_hard <- c(0,0,0,0,0,0,0,0,0,0,0,0,0,0,0,
               0,1,0,1,0,1,0,1,0,1,0,1,0,1,0,
               0,1,1,1,1,1,1,1,1,1,1,1,1,1,0,
               0,0,1,0,1,0,1,0,1,0,1,0,1,0,0,
               0,1,1,1,1,1,1,1,1,1,1,1,1,1,0,
               0,1,0,1,0,1,0,1,0,1,0,1,0,1,0,
               0,1,1,1,1,1,1,1,1,1,1,1,1,1,0,
               0,0,1,0,1,0,1,0,1,0,1,0,1,0,0,
               0,1,1,1,1,1,1,9,1,1,1,1,1,1,0,
               0,1,0,1,0,1,0,1,0,1,0,1,0,1,0,
               0,1,1,1,1,1,1,1,1,1,1,1,1,1,0,
               0,0,1,0,1,0,1,0,1,0,1,0,1,0,0,
               0,1,1,1,1,1,1,1,1,1,1,1,1,1,0,
               0,1,0,1,0,1,0,1,0,1,0,1,0,1,0,
               0,1,1,1,1,1,1,1,1,1,1,1,1,1,0,
               0,0,0,0,0,0,0,0,0,0,0,0,0,0,0)
maze5 = matrix(maze_hard,nrow=16,ncol=15,byrow=TRUE)

# Difficulty levels

game_level1<- list(
  "name"="1",
  "maze"=maze1)
  #"num_ghosts"= 2,
  #"ghost_speed"=3,
  #"num_zombies"=0,
  #"zombie_speed"=0,
  #"forward_vision"= 6,
  #"rear_vision"= 3,
  #"radius_to_exit"=5

game_level2 <-list(
  "name"="1",
  "maze"=maze2)

game_level3 <- list(
  "name"="3",
  "maze"=maze5)



